update sp0_mean_age sp0_mean_fitness sp0_max_fitness sp1_mean_age sp1_mean_fitness sp1_max_fitness sp2_mean_age sp2_mean_fitness sp2_max_fitness sp3_mean_age sp3_mean_fitness sp3_max_fitness sp4_mean_age sp4_mean_fitness sp4_max_fitness sp5_mean_age sp5_mean_fitness sp5_max_fitness sp6_mean_age sp6_mean_fitness sp6_max_fitness sp7_mean_age sp7_mean_fitness sp7_max_fitness sp8_mean_age sp8_mean_fitness sp8_max_fitness sp9_mean_age sp9_mean_fitness sp9_max_fitness
0 0.0000 -89.5734 1979.2677 0.0000 -17.8009 1576.8592 0.0000 69.1630 2403.7667 0.0000 -231.3157 1436.9847 0.0000 -0.6353 1780.7556 0.0000 -136.9241 1647.0272 0.0000 -156.8253 1936.7060 0.0000 -93.6299 1769.5503 0.0000 -68.1534 1847.9637 0.0000 -266.8780 1523.2369
1 0.5875 -48.1505 2103.2723 1.3500 -298.6982 1576.8592 1.3750 -227.3986 1666.1204 1.3500 -558.8283 1436.9847 1.2250 -181.1520 1780.7556 1.2750 -284.9486 1647.0272 1.3000 -454.5448 1936.7060 1.2750 -282.0920 1769.5503 1.3000 -298.2011 1847.9637 1.3750 -512.9259 1523.2369
2 0.9500 -199.4022 2103.2723 3.1750 -489.6844 1459.7292 3.4000 -483.0366 1666.1204 3.2750 -812.1257 1436.9847 2.8000 -382.9892 1780.7556 3.2250 -666.7819 1647.0272 2.9000 -578.3559 1936.7060 3.1250 -609.0548 1769.5503 3.0500 -488.4197 1847.9637 3.4750 -731.4162 616.9843
3 1.1125 -412.3898 1436.6991 5.1500 -630.6663 1459.7292 5.5500 -555.8074 1666.1204 5.8500 -1085.1809 1436.9847 4.8750 -579.3281 1780.7556 5.7250 -948.3317 1647.0272 5.2250 -802.7843 1936.7060 5.9250 -884.8900 1769.5503 5.9250 -633.4705 1847.9637 6.3250 -944.4074 616.9843
4 1.4177 -265.2046 1982.2485 4.8636 -267.3580 1356.0129 8.0000 -591.6371 1666.1204 8.6250 -1248.2400 1436.9847 8.2250 -799.7664 1780.7556 8.7250 -1030.6561 1647.0272 8.6500 -976.1576 1421.5443 9.3000 -1123.2109 1769.5503 9.7500 -788.8688 1847.9637 10.3250 -1111.1056 616.9843
5 0.9028 -55.1733 2006.6964 7.0312 -965.8298 1356.0129 7.0800 -188.3426 1335.9470 13.2750 -1674.9897 1436.9847 12.2500 -1061.6993 1780.7556 13.9500 -1390.8825 829.8756 15.2250 -1223.2568 1421.5443 13.9500 -1438.4752 1769.5503 13.3250 -993.6565 1732.6698 15.9500 -1316.6291 616.9843
6 0.8571 -244.1704 1619.2068 6.6667 -465.7008 1356.0129 9.6750 -881.3636 1335.9470 14.6538 -1520.7366 1436.9847 14.8000 -1121.4652 1780.7556 18.1500 -1663.2518 829.8756 20.4750 -1301.6675 1421.5443 18.6250 -1717.9480 1769.5503 17.4750 -1193.9084 1732.6698 21.9000 -1561.6472 273.9193
7 1.2500 -48.6170 2263.3261 7.4783 -492.4060 1356.0129 10.0286 -666.3896 1335.9470 16.1667 -1799.6643 1436.9847 19.2000 -1269.9025 1780.7556 23.1250 -1763.5813 829.8756 28.2000 -1576.5184 1409.3218 22.7250 -1904.0300 1769.5503 21.5250 -1367.1161 1443.4657 26.5250 -1818.0888 273.9193
8 1.1216 13.8598 2019.1854 8.3462 -592.7668 1356.0129 10.8205 -804.4188 1335.9470 16.7419 -1583.1077 1436.9847 24.8750 -1562.2959 1780.7556 31.7000 -1842.8884 829.8756 36.2750 -1844.7247 1409.3218 26.8750 -2168.8523 1769.5503 26.6000 -1517.3401 1443.4657 32.9000 -1935.3954 273.9193
9 0.9863 -46.9144 2019.1854 8.3478 -357.6933 1356.0129 11.2750 -917.4222 1163.7128 16.2812 -1639.9074 1436.9847 23.4872 -1600.3378 1780.7556 33.9250 -2062.3973 829.8756 42.5250 -2016.9215 1409.3218 30.9500 -2356.4923 296.3275 30.4750 -1623.8702 1443.4657 42.6750 -2063.9341 273.9193
10 1.0779 0.2928 2052.8644 8.4000 -1312.8805 1016.4597 11.9268 -867.5937 1356.0129 17.5789 -1793.3704 1436.9847 25.1750 -1880.1692 1780.7556 40.1000 -2253.0815 722.6286 50.2750 -2122.2044 1409.3218 36.1250 -2686.7039 296.3275 34.2750 -1706.9928 1443.4657 56.8750 -2263.1416 273.9193
11 0.8219 166.1180 2857.2944 7.8000 -1379.1872 1016.4597 12.3077 -971.8313 1356.0129 18.9500 -1885.4893 1436.9847 27.5641 -1906.2590 1780.7556 42.2973 -2365.5263 506.8947 56.6750 -2286.3177 -587.8560 40.7000 -2872.4786 296.3275 39.3750 -1903.8475 1443.4657 70.2750 -2364.7467 273.9193
12 1.0000 18.1905 2857.2944 8.6250 -1522.8895 -734.3384 12.7714 -1176.5752 1356.0129 18.1875 -1505.7669 1436.9847 26.3500 -2298.6428 644.4637 42.8500 -2363.8233 506.8947 63.5000 -2357.2470 -587.8560 47.9250 -3033.7684 296.3275 44.9000 -2030.9623 1443.4657 86.5500 -2527.6675 273.9193
13 1.2375 -22.9390 2857.2944 8.5000 -959.0516 -734.3384 13.0909 -1078.3795 1356.0129 18.1538 -1543.6082 1436.9847 30.3000 -2455.6155 644.4637 48.1622 -2428.1910 506.8947 71.0500 -2459.1442 -587.8560 57.9750 -3205.2075 296.3275 52.9750 -2198.9548 -1268.4169 100.3000 -2600.4236 273.9193
14 1.0263 -20.8494 2167.0452 9.0000 -1801.4448 -734.3384 13.3913 -729.8717 1356.0129 19.4000 -1701.9959 1436.9847 29.1935 -2311.2909 644.4637 44.8421 -2493.1605 506.8947 80.1000 -2619.0576 -1267.3081 67.3750 -3267.1811 296.3275 65.0500 -2229.2607 -1268.4169 107.0750 -2691.5104 273.9193
15 0.8734 -218.0064 2167.0452 7.0000 -2009.1117 -2009.1117 13.7917 -973.7507 1356.0129 18.7931 -1334.6699 1436.9847 29.2750 -2278.9635 644.4637 50.0750 -2627.3785 506.8947 83.0882 -2535.6404 -1267.3081 78.5750 -3429.0610 296.3275 76.7000 -2249.8574 -1268.4169 117.2250 -2912.1956 273.9193
16 0.9444 -42.5696 1601.0080 7.5556 -2405.2000 -2009.1117 13.7000 -1058.8061 1016.4597 18.5250 -1109.7122 1436.9847 29.8649 -2287.5294 -257.0610 45.0000 -2547.2005 506.8947 76.3000 -2682.4579 -895.6427 81.4750 -3530.9115 296.3275 92.8750 -2321.1923 -1268.4169 131.1250 -3217.5971 -195.8376
17 1.1750 -105.7839 1652.9747 9.0000 -2009.1117 -2009.1117 12.6667 -1673.6080 1016.4597 19.3333 -1144.9740 1356.0129 31.2683 -2303.8920 -191.1943 44.4828 -2486.3197 506.8947 74.3158 -2774.7315 -895.6427 89.2500 -3622.2851 296.3275 110.3750 -2357.4428 -1268.4169 135.0000 -3327.2458 -195.8376
18 0.9865 -315.9177 2220.9951 9.3333 -2983.1008 -568.5427 14.1000 -1795.0480 -734.3384 19.1538 -1048.0173 1356.0129 30.2308 -2047.5496 -191.1943 43.6757 -2661.1540 506.8947 74.6216 -2742.9044 -895.6427 97.0250 -3655.5909 296.3275 118.7750 -2391.9020 -1268.4169 148.1000 -3476.6444 -195.8376
19 1.0260 -168.2636 2220.9951 9.0000 -2755.6078 -568.5427 13.8750 -2543.4096 -734.3384 20.4500 -1237.7854 1356.0129 30.6216 -1937.8049 236.2544 44.2500 -2634.7456 506.8947 74.0256 -2859.6581 -1267.3081 104.5122 -3692.6499 -895.6427 123.1500 -2421.5914 -1268.4169 164.7500 -3674.5827 -195.8376
20 1.1000 -249.7220 2751.3934 0.0000 0.0000 0.0000 11.8571 -2360.2127 -568.5427 19.7037 -1322.6928 1055.1469 30.7250 -1926.7993 236.2544 46.9250 -2872.6236 506.8947 74.9000 -2984.3473 -1313.1986 108.9000 -3747.6493 -895.6427 131.9750 -2438.3972 -1268.4169 177.6000 -3812.7941 -195.8376
21 1.0779 -172.3443 2751.3934 7.0000 -2524.6508 -1947.2122 13.3333 -2631.1918 -568.5427 21.0345 -1346.4055 1055.1469 31.2353 -2019.1778 236.2544 50.0500 -3014.9005 506.8947 78.3000 -3076.9026 -1760.7195 118.4500 -3921.4853 -1942.2930 137.1750 -2537.3454 -1317.8830 194.5500 -3807.4482 -195.8376
22 0.7429 116.7485 3093.0031 9.9231 -2719.0787 -1947.2122 12.6667 -1918.4632 -568.5427 20.5000 -1349.1725 1055.1469 30.0000 -1816.3736 553.0175 52.3500 -3103.5682 506.8947 82.3750 -3181.5645 -1760.7195 126.7500 -3981.8878 -1942.2930 143.9750 -2580.9476 -1724.9843 204.6250 -3848.8857 -195.8376
23 0.9000 -59.9310 2006.3408 8.5000 -2030.7208 -1947.2122 14.5333 -2673.5453 -568.5427 21.4783 -1436.8054 1055.1469 30.0588 -1869.8238 278.2881 55.8250 -3140.2139 506.8947 87.6500 -3281.3254 -1447.2632 130.5750 -4062.6081 -1942.2930 150.8000 -2592.7719 -1724.9843 208.3000 -3880.9663 -195.8376
24 1.4500 -257.5143 2382.0420 9.0000 -2114.2293 -2114.2293 13.4444 -2408.2260 -568.5427 22.6000 -1858.9475 1055.1469 30.8421 -1901.1434 278.2881 55.0714 -2889.3713 506.8947 82.7500 -3267.1636 -1447.2632 126.4500 -4066.4418 -1942.2930 156.7500 -2620.8415 -1724.9843 215.3250 -3927.9905 -195.8376
25 0.8551 -182.5903 2237.7695 8.6364 -1890.2582 318.9471 13.5000 -2239.0766 -568.5427 20.5882 -1901.1242 -734.3384 31.4524 -1949.8021 1055.1469 52.3478 -2628.8699 506.8947 85.7750 -3339.0147 -1447.2632 120.5556 -3692.5270 -1942.2930 158.2750 -2602.6949 -1724.9843 218.6250 -3998.1246 -195.8376
26 0.8684 -157.8619 2316.6963 7.5000 -942.8140 318.9471 11.8333 -2036.5184 -1776.9663 20.6000 -2107.4297 -568.5427 32.6000 -2057.0751 712.6813 48.7778 -2728.4001 506.8947 91.5750 -3497.0487 -2314.7632 124.9655 -3735.6778 -1942.2930 162.2750 -2633.9200 -1724.9843 220.6750 -4025.4453 -195.8376
27 0.9605 -271.2437 2316.6963 8.2222 -977.6206 318.9471 12.4000 -2094.5977 -1776.9663 20.8095 -2211.7115 -568.5427 30.8438 -1550.0178 712.6813 48.8462 -2968.6840 506.8947 87.4348 -3306.6081 -2314.7632 124.1250 -3775.6288 -1942.2930 169.8500 -2606.1859 -1724.9843 226.3250 -4047.0915 -195.8376
28 0.9241 -237.8912 2316.6963 8.7143 -750.4586 34.5890 12.5455 -2073.9890 318.9471 20.6471 -2097.7880 -568.5427 30.1750 -1711.8370 712.6813 50.5676 -3138.6646 -1160.1119 81.0833 -3255.8478 -2314.7632 131.3500 -3880.4962 -1942.2930 180.0500 -2617.9238 -2052.7375 233.2250 -4160.0813 -2821.9725
29 1.1410 -252.4602 2074.0626 8.0000 -1417.4935 -508.1805 11.9231 -1419.7527 318.9471 19.8667 -2233.6364 -568.5427 29.7000 -1907.7176 712.6813 50.1212 -2742.9566 -285.0269 77.6216 -3506.8952 -2314.7632 141.9750 -4002.8941 -2137.3732 190.3250 -2579.7352 -1613.5739 242.2000 -4227.1815 -3176.1635
30 1.0533 -233.2766 1386.5946 8.7143 -2776.7427 -2093.6321 12.4286 -1285.1631 318.9471 19.6154 -2139.5037 -568.5427 30.4500 -1964.1102 712.6813 50.1613 -2618.1601 -285.0269 80.0250 -3561.1804 -2314.7632 138.9655 -3891.5229 -2334.1220 196.7750 -2544.7682 -1613.5739 246.0000 -4243.7501 -3176.1635
31 0.7887 -119.4633 1799.1317 8.2000 -2181.1374 -1561.3471 12.4118 -1585.2441 318.9471 18.8571 -2217.5475 -568.5427 32.2250 -2134.4665 712.6813 51.2258 -2618.1601 -285.0269 83.5250 -3577.5888 -2358.7231 142.3548 -3915.5817 -2334.1220 214.5250 -2538.3901 -1600.5997 248.8250 -4311.7558 -3423.1405
32 0.9615 -190.5269 2246.3704 8.0000 -1928.8782 -274.0164 12.4000 -1561.1105 318.9471 19.5000 -2376.7647 -568.5427 34.8500 -2339.7883 712.6813 52.1875 -2631.4471 -285.0269 89.3750 -3685.2440 -2384.6827 143.2667 -3806.3144 -2334.1220 223.1250 -2555.9144 -1613.5739 256.3750 -4379.9626 -3423.1405
33 1.1500 -144.1073 1606.1600 8.5000 -1866.7835 -274.0164 13.3636 -1549.1110 318.9471 20.4545 -2459.1740 -568.5427 34.1600 -1886.2018 712.6813 52.3000 -2678.8386 -285.0269 88.0000 -3488.0514 -2545.3648 135.8500 -3877.8657 -2334.1220 231.5500 -2553.3240 -1166.7877 260.8500 -4400.4101 -3423.1405
34 1.1127 -116.8915 1871.9832 8.9091 -2348.7885 -274.0164 13.8000 -1606.9131 34.5890 19.4762 -1984.5081 318.9471 31.8065 -2043.0926 712.6813 51.8000 -2751.0839 -285.0269 84.0741 -3455.9758 -2545.3648 133.1765 -3778.5504 -2410.4697 215.7949 -2965.6173 -1166.7877 266.1000 -4055.5962 -1897.6347
35 1.1316 -61.1450 2529.2404 7.8571 -1034.6889 -213.0615 12.4375 -2213.3577 -274.0164 18.2941 -1829.8819 318.9471 31.7273 -1949.4272 712.6813 48.4667 -2408.3101 90.9266 77.0250 -3528.3544 -1944.6955 132.3846 -3758.5913 -2410.4697 213.7500 -3128.5923 -1166.7877 270.0250 -4170.9625 -2749.4149
36 0.9867 -111.6814 1807.5118 7.6667 -1043.1984 209.6200 12.0769 -2178.3192 -274.0164 19.3000 -1803.1846 318.9471 31.9429 -2003.0023 712.6813 47.1000 -2404.6577 90.9266 77.3171 -3608.0724 -1403.0591 130.8500 -3696.7552 -2410.4697 202.8378 -3421.0420 -1166.7877 275.8250 -4263.9046 -2749.4149
37 1.0395 -146.6051 2241.2497 8.0000 -965.1438 209.6200 12.8667 -2217.0738 -274.0164 20.2188 -1883.1295 34.5890 32.1500 -2087.1252 712.6813 47.6061 -2284.1547 90.9266 79.7073 -3659.8988 -1616.6304 133.2105 -3860.0111 -2479.8875 207.0750 -3362.3248 -1166.7877 280.0250 -4453.8660 -2749.4149
38 0.9610 -40.3823 2241.2497 8.2000 -1197.4397 209.6200 12.5882 -1663.2185 -213.0615 20.6250 -1822.7974 34.5890 31.0500 -2222.0210 712.6813 47.7000 -2357.5778 90.9266 81.4286 -3687.3481 -1616.6304 136.6750 -3935.8596 -2479.8875 206.1750 -3582.1382 -1166.7877 288.3750 -4561.5789 -2749.4149
39 1.0395 -74.8682 1789.2259 8.6667 -1518.9495 -309.1604 12.2105 -1411.3667 209.6200 20.1000 -1866.3448 34.5890 31.7000 -2508.8666 -455.1067 48.0769 -2506.5576 90.9266 80.4211 -3560.9305 -1616.6304 133.2647 -3887.2760 -2479.8875 198.9250 -3719.1093 -1166.7877 291.2250 -4647.4262 -2749.4149
40 0.9737 -41.9908 1789.2259 8.0000 -1613.6527 -309.1604 12.3500 -1278.4367 209.6200 19.8125 -1924.2870 34.5890 34.3500 -2597.0768 -455.1067 50.8974 -2623.9356 90.9266 82.5000 -3591.0963 -1764.2595 136.1892 -3844.6527 -2264.1041 196.9750 -3943.0350 -1613.5739 295.8000 -4744.9034 -3423.1405
41 0.9351 -132.6118 1823.5819 7.5000 -1185.6606 16.0917 12.3182 -1257.1926 209.6200 19.9143 -1938.4373 34.5890 33.5278 -2641.0902 -455.1067 48.1111 -2620.5326 -285.0269 86.3750 -3730.3471 -1764.2595 135.7750 -3838.9341 -2264.1041 196.1250 -4149.2913 -1885.1170 300.9500 -4740.9505 -3423.1405
42 1.1375 46.1707 2070.1541 8.6667 -1171.2794 16.0917 12.8500 -1166.9942 209.6200 20.3333 -1841.1859 34.5890 32.7000 -2553.9842 -455.1067 50.7500 -2657.1177 -285.0269 81.1364 -3463.8333 -1764.2595 141.9250 -3860.2625 -2264.1041 199.0250 -4151.1743 -1885.1170 306.8000 -4713.2951 -3291.6966
43 1.1688 -101.2660 2070.1541 8.0000 -1167.0913 707.0872 13.5263 -1066.8425 209.6200 20.1471 -1908.6822 34.5890 29.1562 -2130.2493 -455.1067 54.7000 -2726.4351 -285.0269 83.3750 -3441.4183 -1764.2595 148.1250 -3855.2329 -2264.1041 201.7750 -4082.0100 -1885.1170 313.5500 -4819.3812 -3423.1405
44 1.0533 -344.9053 1802.0925 7.5000 -1447.3622 707.0872 12.8571 -1287.9010 209.6200 19.5250 -1889.5788 -213.0615 30.0000 -1966.1475 34.5890 52.3750 -2359.3989 -285.0269 80.6750 -3478.8010 -1764.2595 145.5000 -3709.9711 -2264.1041 205.4750 -4161.9652 -1885.1170 320.0000 -4795.7405 -3423.1405
45 0.9221 -346.9348 1802.0925 8.2857 -1485.9979 707.0872 13.2143 -1510.7045 16.0917 20.2162 -2013.6767 209.6200 31.0500 -1996.5513 34.5890 52.8929 -2421.1402 -285.0269 83.6944 -3503.3908 -2088.2601 141.3333 -3851.9306 -2264.1041 211.6750 -4241.4504 -1885.1170 326.4000 -4873.3755 -3423.1405
46 1.0875 -276.2984 2104.6513 8.7500 -1847.3500 -1502.4303 12.9167 -1437.7465 707.0872 20.0000 -1709.7997 209.6200 30.9500 -2028.1813 34.5890 51.5455 -2497.5894 -285.0269 82.0571 -3315.6737 -1838.0208 135.8974 -3928.6466 -2264.1041 217.9500 -4285.0199 -2781.0920 330.6500 -4864.5079 -3423.1405
47 0.9867 -306.4260 2235.9437 7.6667 -2406.3579 -1291.3474 12.4545 -1443.7945 707.0872 19.7895 -1517.6898 209.6200 31.6250 -2249.0564 -409.6756 51.8947 -2574.1682 -285.0269 83.9500 -3293.1398 -1838.0208 136.1250 -4004.9832 -2264.1041 225.3250 -4260.1050 -2781.0920 339.5750 -4831.4160 -3121.0802
48 0.7429 -105.0264 2104.6513 7.8462 -2727.3281 -1291.3474 12.4167 -1726.5475 707.0872 20.3243 -1639.4291 209.6200 33.2500 -2562.8446 -409.6756 51.8286 -2665.9216 -285.0269 86.9512 -3273.7580 -1646.4368 133.3077 -4058.6676 -2264.1041 239.3750 -4284.4495 -2781.0920 349.3750 -4861.8094 -3423.1405
49 1.0250 -132.8564 2344.5504 8.8000 -2506.3682 -1291.3474 11.8235 -2276.1981 707.0872 21.6250 -1692.2523 209.6200 32.7931 -2030.9537 -409.6756 53.9250 -2680.0680 -285.0269 87.3529 -3285.7447 -1646.4368 133.5000 -4055.0035 -2264.1041 229.1538 -4156.5309 -2781.0920 362.7500 -4914.0780 -3423.1405
50 1.1250 -295.1666 1652.4663 9.0000 -1879.5031 -1879.5031 13.2857 -2502.1056 707.0872 21.1053 -1367.6967 16.0917 30.3250 -2000.3469 -274.0164 50.4062 -2579.3093 -285.0269 82.1750 -3139.1793 -1646.4368 138.6250 -4021.4616 -2264.1041 229.0714 -4163.7327 -2781.0920 381.1250 -5010.5265 -3423.1405
51 1.1316 -204.5598 1740.9759 7.0000 -2526.4028 -2298.4333 13.2308 -2129.6254 707.0872 19.8846 -1913.9273 16.0917 30.9750 -2156.3400 -274.0164 51.5135 -2634.0637 -285.0269 82.2424 -3261.0242 -1646.4368 137.7857 -3973.8358 -2063.2153 230.9677 -4182.5312 -2781.0920 395.0250 -5004.0151 -3423.1405
52 0.6857 13.8182 2129.6007 8.2143 -2445.8772 -844.5799 13.9000 -2310.1661 -1291.3474 20.5172 -1805.2905 707.0872 31.7750 -2334.4032 -274.0164 53.0500 -2665.2972 -285.0269 82.6875 -3229.3275 -1646.4368 139.4500 -3998.0425 -2063.2153 224.4333 -4068.8432 -2593.5527 406.1000 -4979.0225 -3423.1405
53 1.0375 2.0710 2129.6007 8.3333 -1701.1252 -844.5799 11.3750 -2505.3306 -1291.3474 19.5556 -1957.2397 707.0872 32.5000 -2215.3267 -213.0615 54.7000 -2875.5540 -1561.9512 84.4286 -3110.0296 -285.0269 134.3333 -3976.2862 -2063.2153 216.8750 -3980.8396 -2264.1041 417.1500 -5048.8011 -3423.1405
54 1.1039 -188.5438 1478.1622 8.2000 -1905.6484 -1590.3646 12.8235 -2448.5390 -844.5799 20.2222 -1942.1926 707.0872 31.5806 -2050.4484 -213.0615 51.8500 -3135.6302 -1690.4708 81.1500 -2966.7054 -285.0269 134.4595 -3979.3369 -2063.2153 213.2759 -3978.7479 -2264.1041 423.8500 -5074.0455 -3423.1405
55 1.1711 -192.8093 1883.6250 7.7143 -1670.2752 -1590.3646 13.8125 -2322.8150 -844.5799 20.6774 -2210.8567 707.0872 32.2353 -2050.4948 -213.0615 52.7179 -3232.8830 -1324.8379 84.1000 -3150.8516 -285.0269 128.4828 -3903.1565 -2063.2153 201.6500 -4018.5312 -2264.1041 436.9500 -5102.4502 -3423.1405
56 1.1375 -245.4147 1883.6250 9.0000 -1665.8807 -1665.8807 11.7500 -1858.2776 -844.5799 19.7714 -2208.5336 707.0872 31.8250 -2047.7414 -213.0615 51.7333 -2952.4980 -1324.8379 83.0000 -3247.2094 -285.0269 127.9189 -3936.4446 -2063.2153 201.2941 -3974.9697 -1954.5678 436.3415 -5032.0402 -3054.6647
57 0.6522 12.8042 1883.6250 8.0909 -1960.9558 -832.9748 13.2500 -1840.4757 -844.5799 20.0909 -2255.5868 707.0872 30.3056 -2114.3122 -213.0615 51.0750 -2941.9710 -1191.4922 86.5500 -3367.4843 -285.0269 130.6579 -3975.2600 -2063.2153 202.7949 -3981.2231 -1954.5678 450.0750 -4997.6571 -3054.6647
58 1.0875 -145.4609 2593.3770 8.6667 -1696.5781 -832.9748 12.1538 -1918.9373 -844.5799 20.5833 -2112.7146 707.0872 30.2000 -2167.5697 -213.0615 50.3500 -3010.0323 -1191.4922 84.4118 -3289.3573 -1833.6711 136.7000 -4051.1449 -2063.2153 211.3077 -4174.5918 -2839.3736 465.9250 -4952.9426 -3054.6647
59 1.2895 -119.9098 1840.8351 8.1667 -1534.9270 -230.2268 13.0556 -1944.2321 -844.5799 21.7353 -2300.5631 707.0872 31.4146 -2214.4253 16.0917 50.0811 -3080.4388 -1191.4922 82.2703 -3306.2436 -1838.0208 135.7297 -4004.7560 -1833.6711 215.1000 -4230.3392 -2839.3736 477.7250 -5032.6821 -3054.6647
60 0.9178 142.3072 1967.3979 8.6250 -1938.8363 -230.2268 12.7778 -1969.7109 -832.9748 20.8929 -2151.8026 707.0872 32.4250 -2384.4296 16.0917 50.5385 -3002.2156 -1191.4922 85.1250 -3249.3881 -1838.0208 137.2162 -3977.5494 -1833.6711 215.1750 -4325.2933 -2839.3736 500.8750 -5064.3686 -3423.1405
61 0.8421 -78.7481 1952.4219 7.5000 -1597.0187 -230.2268 13.0500 -1987.7866 -832.9748 20.3793 -2190.7703 -844.5799 31.5000 -2256.7450 707.0872 50.0750 -3026.2630 -1191.4922 88.7500 -3334.2600 -2097.2812 137.9167 -3907.4932 -1833.6711 219.0500 -4518.1151 -3179.6005 515.4750 -5158.7941 -3631.8227
62 1.0253 -112.4387 2220.2924 8.5000 -1757.4379 -303.0615 13.8571 -1842.1696 -230.2268 19.8529 -2094.9213 -844.5799 32.1000 -2323.1005 707.0872 50.6250 -2944.6546 -1693.3921 89.9250 -3437.1427 -2097.2812 140.1750 -3897.8035 -1833.6711 224.2250 -4533.3674 -3040.5244 525.4750 -5140.6716 -3631.8227
63 1.0385 -92.8621 2024.0574 8.6000 -1491.9259 -303.0615 12.4444 -1757.3828 -230.2268 19.9750 -2076.6217 -844.5799 32.0769 -2152.0556 707.0872 49.8974 -3024.7290 -572.0204 83.2917 -3119.3501 -2097.2812 145.5250 -3982.0349 -1833.6711 226.5500 -4598.2424 -3040.5244 544.3250 -5162.0459 -4386.7737
64 1.0641 -151.9831 2156.6945 7.0000 -1948.0341 -1948.0341 12.0769 -1616.0399 -230.2268 20.4375 -2016.7388 -844.5799 30.7692 -2324.1358 707.0872 52.3000 -3108.6898 -572.0204 84.0417 -3085.7143 -1481.4733 145.4571 -3876.4284 -1833.6711 231.4250 -4647.9191 -3040.5244 552.9750 -5185.7688 -4386.7737
65 1.1818 44.8114 2308.8760 8.2000 -2015.2874 -1948.0341 12.8333 -1489.5416 -230.2268 21.3125 -2033.3439 -844.5799 30.1622 -2230.4375 707.0872 50.9091 -2956.8358 -1713.1656 80.2750 -3415.4357 -1481.4733 145.7576 -3864.6562 -1833.6711 241.3000 -4616.2157 -3040.5244 560.7750 -5160.5101 -4208.1055
66 0.6667 -84.8229 1622.7210 7.6667 -1646.6684 650.0473 12.1667 -1556.8436 -230.2268 20.0769 -1920.2804 -832.9748 30.8750 -2228.6794 707.0872 51.2368 -2927.1114 -891.3011 86.5789 -3432.0726 -1481.4733 140.9333 -3755.5524 -1833.6711 218.7500 -4385.7180 -3139.3903 569.0500 -5175.0573 -4208.1055
67 0.9750 -136.3182 1754.6834 8.2500 -977.3137 650.0473 12.4375 -1615.7008 -101.8756 20.2800 -1832.6230 -832.9748 33.2500 -2316.6815 707.0872 51.7429 -2996.0602 -891.3011 83.6923 -3028.1522 -1481.4733 129.5000 -3769.5487 -1833.6711 212.2250 -4287.8623 -3139.3903 581.2250 -5169.9040 -3987.2910
68 1.2500 -231.2036 2089.9901 9.0000 -620.0516 650.0473 13.7059 -1766.4863 -101.8756 21.2963 -1834.6220 -230.2268 33.6129 -2319.5424 707.0872 52.0500 -2866.8477 -282.9732 83.4231 -3010.3540 -1481.4733 132.5750 -3794.5266 -1833.6711 216.4250 -4304.0170 -3139.3903 590.5500 -5249.3997 -4208.1055
69 1.3636 -140.7046 1777.1071 9.0000 -3681.1267 -3681.1267 12.7000 -1460.5881 650.0473 19.7419 -1809.4773 -101.8756 31.4412 -1927.4043 707.0872 51.6750 -2966.3892 -891.3011 79.4138 -3195.4271 -1993.7811 133.6500 -3646.2183 -1481.4733 208.7429 -4213.9812 -3139.3903 600.6750 -5204.4176 -3634.3591
70 0.7647 38.0694 1777.1071 8.7500 -1561.4284 589.8627 11.8750 -2164.1020 650.0473 19.5625 -1683.4587 -101.8756 30.9500 -1996.8283 707.0872 54.8000 -3100.4684 -891.3011 80.4828 -3223.6137 -1993.7811 134.7778 -3699.7873 -1481.4733 201.8000 -4185.7912 -3139.3903 622.5250 -5238.8586 -3134.6566
71 0.9873 48.0562 2059.3787 8.3333 -676.9589 589.8627 13.6250 -2107.8359 650.0473 20.4688 -1682.0360 -101.8756 31.7750 -2180.6202 -844.5799 54.5862 -2889.2887 -891.3011 78.9500 -3361.4631 -1993.7811 134.5429 -3713.7615 -1481.4733 208.8049 -4251.4907 -2864.2472 631.8750 -5276.4959 -3134.6566
72 1.2375 -137.3032 2400.7084 9.0000 -591.6062 589.8627 12.4444 -1327.6879 650.0473 20.0882 -1883.2285 -101.8756 30.4250 -2262.0622 -844.5799 51.3125 -2742.1182 -891.3011 78.9512 -3366.4434 -2044.6266 136.4571 -3675.4113 -1481.4733 205.3846 -4315.7919 -2864.2472 642.0250 -5350.4110 -4208.1055
73 0.9452 -43.4326 1458.1230 8.1429 -2195.5037 -1978.1512 12.5385 -1101.2012 650.0473 21.1154 -1838.3920 -101.8756 32.5854 -2368.4297 -576.3484 51.5862 -2657.6677 -891.3011 81.1463 -3412.5530 -1959.3671 140.2703 -3678.2141 -1481.4733 215.7750 -4452.7897 -3368.3643 652.1500 -5386.7205 -4592.9642
74 0.9481 -119.6021 2134.4958 7.8333 -1997.3069 -1625.7016 12.8571 -1166.2057 650.0473 21.0769 -1869.5055 -101.8756 31.1471 -2266.5027 -576.3484 47.3611 -2836.5297 -891.3011 80.2000 -3392.1443 -1536.7820 144.4750 -3684.7006 -1481.4733 214.5172 -4403.9157 -3455.2558 660.2250 -5384.6947 -4196.7107
75 0.7101 66.3712 2134.4958 8.1333 -1856.4259 270.3939 12.3333 -1137.4158 589.8627 19.3200 -1557.2927 650.0473 29.6000 -1986.9206 -576.3484 48.9250 -2837.1129 -891.3011 82.1750 -3494.6307 -1536.7820 140.8125 -3642.3209 -1481.4733 193.3226 -4218.4513 -3455.2558 677.3000 -5451.7421 -4196.7107
76 1.1013 -184.9714 2165.4922 8.2857 -1088.5128 270.3939 12.1111 -1750.0628 589.8627 20.7143 -1587.0913 650.0473 30.3429 -2037.5456 -576.3484 50.6500 -3104.0329 -891.3011 84.2750 -3518.6710 -1536.7820 138.5000 -3521.9293 -1481.4733 194.6000 -4189.5713 -3455.2558 689.3500 -5471.9870 -4196.7107
77 1.2895 -208.7583 2165.4922 7.8750 -1211.1484 270.3939 13.0000 -1603.9959 589.8627 20.9310 -1699.6725 650.0473 31.0488 -1974.4812 -230.2268 53.2564 -3098.1609 -891.3011 87.4500 -3563.3742 -1475.6965 135.1154 -3480.9298 -1481.4733 205.4878 -4202.5177 -3268.4968 697.7000 -5491.1534 -4196.7107
78 0.8961 -98.0412 2750.8771 8.3750 -1493.7092 -893.1021 13.0588 -1495.6423 589.8627 20.2857 -1645.4345 650.0473 32.5610 -2076.9679 -101.8756 53.7857 -3004.7799 -891.3011 84.1500 -3529.5812 -1475.6965 128.1429 -3637.6738 -1481.4733 208.0000 -4330.5438 -3268.4968 688.6667 -5388.4183 -4000.7889
79 0.9747 -288.4078 1752.4349 8.0000 -1526.1562 -1126.0341 11.4615 -1470.0542 270.3939 19.7941 -1636.0236 650.0473 31.9429 -1953.5166 -101.8756 49.9211 -2977.8461 -891.3011 86.4359 -3550.3549 -1475.6965 127.3500 -3630.8790 -1481.4733 220.6500 -4304.4553 -2893.9405 710.8250 -5457.4798 -4000.7889
80 0.9744 -172.1381 1752.4349 8.0000 -2409.6238 -1470.8132 12.6000 -1470.2702 270.3939 19.7778 -1576.5926 650.0473 30.9000 -1921.9903 -101.8756 51.3000 -2900.1623 -891.3011 85.7429 -3711.2567 -1536.7820 127.2750 -3704.5571 -1481.4733 220.1000 -4316.8056 -2893.9405 730.5250 -5440.6511 -3762.3922
81 1.3375 -283.2368 1752.4349 9.0000 -2902.6811 -1638.5153 13.4118 -1493.7722 270.3939 20.8276 -1566.8216 650.0473 32.1429 -1975.4620 -726.9765 50.2500 -2967.1703 -891.3011 82.6750 -3649.7948 -1536.7820 122.1892 -3776.8261 -1481.4733 215.6000 -4237.8192 -2690.4420 734.5000 -5430.3925 -3762.3922
82 1.2973 -141.7231 2290.1378 7.5000 -2880.0337 -2018.7034 12.9286 -1615.0755 270.3939 20.5758 -1578.6390 650.0473 31.7632 -1899.7898 -726.9765 50.9000 -2946.9914 -891.3011 83.9000 -3685.6949 -1536.7820 122.5000 -3752.0518 -1481.4733 217.9500 -4219.6656 -2690.4420 743.7250 -5483.6288 -3762.3922
83 0.9859 36.8200 2728.7079 9.0000 -2603.1991 -2018.7034 12.2500 -2088.7159 270.3939 20.0000 -1480.9657 650.0473 32.7500 -2086.9648 -796.0761 53.1500 -3021.2794 -891.3011 83.4412 -3601.0250 -2241.3225 121.4000 -3949.9620 -2698.6283 207.8333 -4263.7016 -2893.9405 741.1463 -5387.3458 -3401.8464
84 0.7297 -137.8105 2728.7079 7.5714 -1730.1769 -742.8701 12.8333 -2484.0956 -893.1021 20.0357 -1491.5445 589.8627 32.0556 -1975.4739 650.0473 47.6176 -2677.0305 -1291.3474 83.5250 -3577.4212 -2241.3225 125.1750 -4010.2623 -2698.6283 201.6333 -4324.1083 -2893.9405 752.1500 -5372.4328 -3401.8464
85 1.1500 -231.5189 2039.5364 8.8000 -1725.1517 -742.8701 13.0588 -2208.7357 -1126.0341 19.7368 -1863.8923 589.8627 31.4054 -1800.2496 650.0473 49.3000 -2699.1924 -1291.3474 83.6000 -3531.0664 -2241.3225 127.4878 -4052.8874 -2254.0134 207.3939 -4330.6285 -2893.9405 778.5500 -5424.6894 -3762.3922
86 1.0000 -60.6580 1800.0844 7.8333 -1586.5957 -742.8701 12.8667 -2085.5290 -1052.4768 20.8250 -2313.2452 589.8627 31.0789 -1747.6285 650.0473 52.1220 -2791.8964 -1018.8518 83.5172 -3438.2274 -2241.3225 130.4500 -4049.4081 -2254.0134 208.2222 -4361.6319 -2893.9405 786.6500 -5376.6647 -3762.3922
87 0.9868 0.1204 2283.3284 8.6667 -1735.0550 -774.5467 12.3846 -1901.0571 -742.8701 19.5862 -2239.4651 270.3939 29.9750 -1725.7823 650.0473 54.0750 -2929.5735 -1018.8518 82.4545 -3357.6350 -2241.3225 134.7500 -4127.1831 -2254.0134 209.5641 -4393.0762 -2893.9405 791.5750 -5381.1721 -3762.3922
88 0.7703 -28.4056 2465.0579 8.8750 -1827.8523 -774.5467 13.4000 -1958.9301 -742.8701 19.5556 -2132.7899 270.3939 31.8250 -1833.9301 650.0473 53.9677 -2899.2648 -1018.8518 83.0750 -3355.0664 -1610.3601 138.6250 -4108.9733 -2254.0134 208.3750 -4559.4811 -3021.2028 796.1000 -5402.3083 -3762.3922
89 1.1875 -178.2428 2134.0743 9.0000 -1659.3667 -1659.3667 12.0833 -1820.2847 -742.8701 19.8500 -2208.4462 270.3939 31.7500 -1783.9802 650.0473 53.6250 -2867.0693 -1018.8518 85.2973 -3471.0361 -2241.3225 145.2750 -4171.9211 -2254.0134 213.9250 -4679.6918 -3008.7520 811.3250 -5385.0682 -3762.3922
90 1.0909 -217.4163 1925.9612 7.6667 -1179.4922 -102.9198 13.3846 -1774.2292 -742.8701 21.0000 -2311.7387 270.3939 31.5500 -2123.5765 650.0473 53.7353 -2775.1004 -832.9748 87.1500 -3453.6962 -2241.3225 148.7222 -4253.4578 -2254.0134 210.5500 -4834.2260 -3008.7520 819.3000 -5448.1330 -3762.3922
91 0.9367 -231.6667 2444.4544 7.5000 -842.1903 -102.9198 12.9000 -1674.6608 -742.8701 20.8788 -1952.0435 270.3939 32.0250 -2616.7989 650.0473 50.9355 -2513.7366 -832.9748 80.7179 -3381.2951 -1794.5783 126.4688 -3886.9391 -2254.0134 213.9500 -4909.2544 -3008.7520 832.4750 -5481.1462 -3762.3922
92 1.0137 -51.0541 1790.9030 7.8889 -2088.4745 -102.9198 12.8333 -1393.4457 -742.8701 20.8065 -2017.8185 270.3939 31.6250 -2261.6668 650.0473 48.0000 -3067.7770 -832.9748 80.1250 -3293.5709 -1794.5783 120.6944 -3787.2766 -2254.0134 221.3500 -5032.2210 -3008.7520 836.8250 -5459.3450 -3762.3922
93 0.9730 -42.3389 1828.8560 8.8889 -2215.2619 -843.8285 11.9091 -1983.9215 -102.9198 20.6087 -2047.4868 -742.8701 32.7500 -2380.2462 650.0473 51.7750 -3277.3539 -832.9748 80.8286 -3231.2311 -1794.5783 122.8750 -3763.8951 -2254.0134 226.2750 -5057.9336 -3008.7520 854.9000 -5512.4325 -4618.9062
94 1.0649 -114.3509 2132.7104 8.3333 -2299.8160 -843.8285 13.0625 -2021.6824 -102.9198 20.0526 -2005.6191 -742.8701 31.3333 -2285.5327 -867.0036 48.3143 -2908.4015 -832.9748 79.0250 -3385.2875 -1794.5783 123.7750 -3812.5836 -2254.0134 232.8750 -5152.0470 -3008.7520 860.6000 -5533.9513 -4774.3236
95 1.0667 -65.1688 2132.7104 7.1667 -1927.3611 -641.8113 12.3077 -2071.6982 -102.9198 19.5926 -2025.0007 -742.8701 31.1176 -2166.1987 -893.1021 50.1000 -2887.3963 -832.9748 80.4737 -3526.5159 -1794.5783 129.0244 -3941.5026 -2363.4584 241.4474 -5301.7479 -3361.6475 843.5714 -5458.5034 -3008.7520
96 1.3077 -45.9181 2203.6544 8.3750 -1966.3017 -641.8113 12.5556 -1821.0843 -102.9198 20.3000 -2126.7621 -742.8701 31.8500 -2172.4604 -893.1021 51.0571 -3061.8670 -832.9748 87.6750 -3794.3623 -1794.5783 131.1765 -3841.1497 -2363.4584 232.9444 -5206.1758 -3361.6475 871.2750 -5458.1997 -3186.8023
97 0.8750 -10.1092 2621.5387 8.7273 -1429.4176 -241.9124 12.4615 -2049.9976 -102.9198 20.9259 -2131.0954 -742.8701 31.4872 -2214.7422 -893.1021 52.2000 -2946.8005 -832.9748 83.3200 -3312.1469 -1794.5783 132.3250 -3901.6310 -2363.4584 221.2174 -4851.7651 -3361.6475 884.8500 -5457.0649 -3186.8023
98 1.2152 -192.7115 2132.7104 8.0000 -912.4856 -241.9124 12.6471 -1753.4166 -102.9198 20.8214 -2229.2449 -742.8701 31.1750 -2337.5709 -893.1021 52.0000 -2870.2324 -832.9748 80.4138 -3467.2523 -1794.5783 136.1951 -3964.3888 -1831.3772 223.4800 -4875.8439 -3361.6475 892.3500 -5387.8503 -3186.8023
99 1.1053 140.4294 2606.8459 8.6250 -917.1871 32.1385 13.1429 -1865.6507 -641.8113 20.3846 -2071.7515 -102.9198 30.0000 -2265.1391 -893.1021 50.1500 -2859.4565 -832.9748 79.1000 -3508.0390 -1794.5783 140.8205 -3999.5561 -1831.3772 223.5556 -4831.3040 -3361.6475 903.3750 -5499.7384 -3714.5986
100 0.8533 68.0053 2606.8459 9.1429 -1625.3995 32.1385 12.1429 -1449.9571 -241.9124 19.7692 -1895.2858 -102.9198 31.2750 -2231.8506 -893.1021 50.5000 -2672.1074 -832.9748 81.7750 -3674.4231 -1794.5783 141.5588 -3981.8647 -2363.4584 215.7500 -4838.5631 -3361.6475 909.9000 -5566.3310 -4403.0708
