update mean_generation_sp0 mean_fitness_sp0 max_fitness_sp0 mean_generation_sp1 mean_fitness_sp1 max_fitness_sp1 mean_generation_sp2 mean_fitness_sp2 max_fitness_sp2 mean_generation_sp3 mean_fitness_sp3 max_fitness_sp3 mean_generation_sp4 mean_fitness_sp4 max_fitness_sp4 mean_generation_sp5 mean_fitness_sp5 max_fitness_sp5 mean_generation_sp6 mean_fitness_sp6 max_fitness_sp6 mean_generation_sp7 mean_fitness_sp7 max_fitness_sp7 mean_generation_sp8 mean_fitness_sp8 max_fitness_sp8 mean_generation_sp9 mean_fitness_sp9 max_fitness_sp9
0 0.0000 -89.5734 1979.2677 0.0000 -17.8009 1576.8592 0.0000 69.1630 2403.7667 0.0000 -231.3157 1436.9847 0.0000 -0.6353 1780.7556 0.0000 -136.9241 1647.0272 0.0000 -156.8253 1936.7060 0.0000 -93.6299 1769.5503 0.0000 -68.1534 1847.9637 0.0000 -266.8780 1523.2369
1 0.0375 -48.1505 2103.2723 0.1000 -298.6982 1576.8592 0.1250 -227.3986 1666.1204 0.1500 -558.8283 1436.9847 0.0750 -181.1520 1780.7556 0.0750 -284.9486 1647.0272 0.1000 -454.5448 1936.7060 0.0750 -282.0920 1769.5503 0.1000 -298.2011 1847.9637 0.1250 -512.9259 1523.2369
2 0.0875 -199.4022 2103.2723 0.3000 -489.6844 1459.7292 0.2000 -483.0366 1666.1204 0.2750 -812.1257 1436.9847 0.1000 -382.9892 1780.7556 0.1250 -666.7819 1647.0272 0.1500 -578.3559 1936.7060 0.2000 -609.0548 1769.5503 0.1500 -488.4197 1847.9637 0.2750 -731.4162 616.9843
3 0.1375 -412.3898 1436.6991 0.3750 -630.6663 1459.7292 0.3250 -555.8074 1666.1204 0.4000 -1085.1809 1436.9847 0.2000 -579.3281 1780.7556 0.2250 -948.3317 1647.0272 0.1500 -802.7843 1936.7060 0.3250 -884.8900 1769.5503 0.2500 -633.4705 1847.9637 0.4250 -944.4074 616.9843
4 0.1013 -265.2046 1982.2485 0.2727 -267.3580 1356.0129 0.4250 -591.6371 1666.1204 0.5500 -1248.2400 1436.9847 0.3750 -799.7664 1780.7556 0.3750 -1030.6561 1647.0272 0.1500 -976.1576 1421.5443 0.4750 -1123.2109 1769.5503 0.4000 -788.8688 1847.9637 0.5000 -1111.1056 616.9843
5 0.0556 -55.1733 2006.6964 0.3750 -965.8298 1356.0129 0.4000 -188.3426 1335.9470 0.7500 -1674.9897 1436.9847 0.6750 -1061.6993 1780.7556 0.5250 -1390.8825 829.8756 0.2250 -1223.2568 1421.5443 0.6250 -1438.4752 1769.5503 0.6500 -993.6565 1732.6698 0.8000 -1316.6291 616.9843
6 0.0390 -244.1704 1619.2068 0.2917 -465.7008 1356.0129 0.6000 -881.3636 1335.9470 0.8462 -1520.7366 1436.9847 1.1250 -1121.4652 1780.7556 0.8000 -1663.2518 829.8756 0.3000 -1301.6675 1421.5443 0.9250 -1717.9480 1769.5503 0.9500 -1193.9084 1732.6698 1.0500 -1561.6472 273.9193
7 0.0750 -48.6170 2263.3261 0.3043 -492.4060 1356.0129 0.7143 -666.3896 1335.9470 0.8000 -1799.6643 1436.9847 1.4000 -1269.9025 1780.7556 1.0750 -1763.5813 829.8756 0.4500 -1576.5184 1409.3218 1.2000 -1904.0300 1769.5503 1.2250 -1367.1161 1443.4657 1.3000 -1818.0888 273.9193
8 0.0676 13.8598 2019.1854 0.2692 -592.7668 1356.0129 0.9744 -804.4188 1335.9470 1.0000 -1583.1077 1436.9847 1.9500 -1562.2959 1780.7556 1.4250 -1842.8884 829.8756 0.5750 -1844.7247 1409.3218 1.5500 -2168.8523 1769.5503 1.5500 -1517.3401 1443.4657 1.2750 -1935.3954 273.9193
9 0.0685 -46.9144 2019.1854 0.1739 -357.6933 1356.0129 1.0500 -917.4222 1163.7128 0.9688 -1639.9074 1436.9847 1.7692 -1600.3378 1780.7556 1.9750 -2062.3973 829.8756 0.7500 -2016.9215 1409.3218 1.8000 -2356.4923 296.3275 1.8500 -1623.8702 1443.4657 1.3500 -2063.9341 273.9193
10 0.0519 0.2928 2052.8644 1.1000 -1312.8805 1016.4597 0.9756 -867.5937 1356.0129 0.9737 -1793.3704 1436.9847 1.9750 -1880.1692 1780.7556 2.0500 -2253.0815 722.6286 1.0000 -2122.2044 1409.3218 2.1750 -2686.7039 296.3275 2.1750 -1706.9928 1443.4657 1.6000 -2263.1416 273.9193
11 0.0548 166.1180 2857.2944 0.4000 -1379.1872 1016.4597 1.0000 -971.8313 1356.0129 1.0500 -1885.4893 1436.9847 2.0000 -1906.2590 1780.7556 2.2162 -2365.5263 506.8947 1.4000 -2286.3177 -587.8560 2.4250 -2872.4786 296.3275 2.6500 -1903.8475 1443.4657 1.7000 -2364.7467 273.9193
12 0.0769 18.1905 2857.2944 0.7500 -1522.8895 -734.3384 0.9143 -1176.5752 1356.0129 1.1562 -1505.7669 1436.9847 1.6750 -2298.6428 644.4637 2.4500 -2363.8233 506.8947 1.6000 -2357.2470 -587.8560 2.7000 -3033.7684 296.3275 2.9000 -2030.9623 1443.4657 1.9500 -2527.6675 273.9193
13 0.0625 -22.9390 2857.2944 1.0000 -959.0516 -734.3384 0.8182 -1078.3795 1356.0129 1.3590 -1543.6082 1436.9847 1.5750 -2455.6155 644.4637 3.0270 -2428.1910 506.8947 1.9000 -2459.1442 -587.8560 2.8750 -3205.2075 296.3275 3.1750 -2198.9548 -1268.4169 2.0750 -2600.4236 273.9193
14 0.0526 -20.8494 2167.0452 0.2000 -1801.4448 -734.3384 0.6522 -729.8717 1356.0129 1.4000 -1701.9959 1436.9847 1.8387 -2311.2909 644.4637 2.1053 -2493.1605 506.8947 2.3000 -2619.0576 -1267.3081 3.1750 -3267.1811 296.3275 3.1000 -2229.2607 -1268.4169 2.2750 -2691.5104 273.9193
15 0.0633 -218.0064 2167.0452 0.0000 -2009.1117 -2009.1117 0.5417 -973.7507 1356.0129 1.3103 -1334.6699 1436.9847 1.7750 -2278.9635 644.4637 2.5500 -2627.3785 506.8947 2.4706 -2535.6404 -1267.3081 3.4750 -3429.0610 296.3275 3.0500 -2249.8574 -1268.4169 2.6000 -2912.1956 273.9193
16 0.0694 -42.5696 1601.0080 0.4444 -2405.2000 -2009.1117 1.0000 -1058.8061 1016.4597 1.1500 -1109.7122 1436.9847 1.7568 -2287.5294 -257.0610 2.7778 -2547.2005 506.8947 3.4500 -2682.4579 -895.6427 3.8000 -3530.9115 296.3275 3.0750 -2321.1923 -1268.4169 3.1500 -3217.5971 -195.8376
17 0.1125 -105.7839 1652.9747 0.0000 -2009.1117 -2009.1117 0.7333 -1673.6080 1016.4597 1.2778 -1144.9740 1356.0129 1.8293 -2303.8920 -191.1943 2.6552 -2486.3197 506.8947 4.0000 -2774.7315 -895.6427 4.0250 -3622.2851 296.3275 3.3250 -2357.4428 -1268.4169 3.3000 -3327.2458 -195.8376
18 0.0811 -315.9177 2220.9951 1.1667 -2983.1008 -568.5427 0.9000 -1795.0480 -734.3384 1.1538 -1048.0173 1356.0129 1.7436 -2047.5496 -191.1943 2.6486 -2661.1540 506.8947 4.2432 -2742.9044 -895.6427 4.6000 -3655.5909 296.3275 3.6750 -2391.9020 -1268.4169 3.5500 -3476.6444 -195.8376
19 0.0909 -168.2636 2220.9951 1.2000 -2755.6078 -568.5427 0.8750 -2543.4096 -734.3384 0.9750 -1237.7854 1356.0129 1.5676 -1937.8049 236.2544 2.7000 -2634.7456 506.8947 4.3333 -2859.6581 -1267.3081 5.0000 -3692.6499 -895.6427 3.9000 -2421.5914 -1268.4169 3.7500 -3674.5827 -195.8376
20 0.1000 -249.7220 2751.3934 nan nan -179769313486231570814527423731704356798070567525844996598917476803157260780028538760589558632766878171540458953514382464234321326889464182768467546703537516986049910576551282076245490090389328944075868508455133942304583236903222948165808559332123348274797826204144723168738177180919299881250404026184124858368.0000 1.0000 -2360.2127 -568.5427 1.1481 -1322.6928 1055.1469 1.6750 -1926.7993 236.2544 2.9250 -2872.6236 506.8947 4.5750 -2984.3473 -1313.1986 5.1750 -3747.6493 -895.6427 4.0750 -2438.3972 -1268.4169 3.9500 -3812.7941 -195.8376
21 0.0519 -172.3443 2751.3934 1.0000 -2524.6508 -1947.2122 1.0000 -2631.1918 -568.5427 1.2414 -1346.4055 1055.1469 1.7353 -2019.1778 236.2544 3.2000 -3014.9005 506.8947 4.6750 -3076.9026 -1760.7195 5.3750 -3921.4853 -1942.2930 4.5750 -2537.3454 -1317.8830 4.0250 -3807.4482 -195.8376
22 0.0429 116.7485 3093.0031 0.3077 -2719.0787 -1947.2122 1.0000 -1918.4632 -568.5427 0.9091 -1349.1725 1055.1469 1.8750 -1816.3736 553.0175 3.3750 -3103.5682 506.8947 5.1750 -3181.5645 -1760.7195 5.5750 -3981.8878 -1942.2930 4.8500 -2580.9476 -1724.9843 4.2500 -3848.8857 -195.8376
23 0.0750 -59.9310 2006.3408 1.0000 -2030.7208 -1947.2122 0.4000 -2673.5453 -568.5427 1.0000 -1436.8054 1055.1469 1.8529 -1869.8238 278.2881 3.5750 -3140.2139 506.8947 5.3750 -3281.3254 -1447.2632 5.9250 -4062.6081 -1942.2930 4.9750 -2592.7719 -1724.9843 4.4750 -3880.9663 -195.8376
24 0.1125 -257.5143 2382.0420 1.0000 -2114.2293 -2114.2293 0.7778 -2408.2260 -568.5427 0.7667 -1858.9475 1055.1469 1.8684 -1901.1434 278.2881 3.8571 -2889.3713 506.8947 4.7500 -3267.1636 -1447.2632 6.3750 -4066.4418 -1942.2930 5.2750 -2620.8415 -1724.9843 4.7250 -3927.9905 -195.8376
25 0.0725 -182.5903 2237.7695 0.3636 -1890.2582 318.9471 1.1667 -2239.0766 -568.5427 1.0588 -1901.1242 -734.3384 1.6905 -1949.8021 1055.1469 3.7391 -2628.8699 506.8947 4.7250 -3339.0147 -1447.2632 6.1111 -3692.5270 -1942.2930 5.4000 -2602.6949 -1724.9843 4.8500 -3998.1246 -195.8376
26 0.0789 -157.8619 2316.6963 1.5000 -942.8140 318.9471 0.5000 -2036.5184 -1776.9663 1.1000 -2107.4297 -568.5427 1.8000 -2057.0751 712.6813 3.0000 -2728.4001 506.8947 4.5000 -3497.0487 -2314.7632 6.2069 -3735.6778 -1942.2930 5.6750 -2633.9200 -1724.9843 5.2000 -4025.4453 -195.8376
27 0.0263 -271.2437 2316.6963 1.5556 -977.6206 318.9471 0.9000 -2094.5977 -1776.9663 0.8095 -2211.7115 -568.5427 1.7500 -1550.0178 712.6813 2.7692 -2968.6840 506.8947 4.6957 -3306.6081 -2314.7632 5.8000 -3775.6288 -1942.2930 5.7750 -2606.1859 -1724.9843 5.3750 -4047.0915 -195.8376
28 0.0380 -237.8912 2316.6963 1.8571 -750.4586 34.5890 1.2727 -2073.9890 318.9471 0.5882 -2097.7880 -568.5427 1.7250 -1711.8370 712.6813 2.4865 -3138.6646 -1160.1119 4.3750 -3255.8478 -2314.7632 6.2750 -3880.4962 -1942.2930 5.6250 -2617.9238 -2052.7375 5.5250 -4160.0813 -2821.9725
29 0.0769 -252.4602 2074.0626 0.7500 -1417.4935 -508.1805 1.5385 -1419.7527 318.9471 1.0000 -2233.6364 -568.5427 1.7000 -1907.7176 712.6813 2.5455 -2742.9566 -285.0269 3.8378 -3506.8952 -2314.7632 6.7500 -4002.8941 -2137.3732 5.7250 -2579.7352 -1613.5739 5.7000 -4227.1815 -3176.1635
30 0.0667 -233.2766 1386.5946 0.1429 -2776.7427 -2093.6321 1.5714 -1285.1631 318.9471 1.0769 -2139.5037 -568.5427 1.6500 -1964.1102 712.6813 2.8065 -2618.1601 -285.0269 3.7750 -3561.1804 -2314.7632 6.4138 -3891.5229 -2334.1220 5.9000 -2544.7682 -1613.5739 5.8250 -4243.7501 -3176.1635
31 0.0282 -119.4633 1799.1317 1.3000 -2181.1374 -1561.3471 1.1176 -1585.2441 318.9471 1.3571 -2217.5475 -568.5427 1.7250 -2134.4665 712.6813 2.8065 -2618.1601 -285.0269 3.7500 -3577.5888 -2358.7231 6.5806 -3915.5817 -2334.1220 5.9750 -2538.3901 -1600.5997 6.0500 -4311.7558 -3423.1405
32 0.0769 -190.5269 2246.3704 1.1667 -1928.8782 -274.0164 1.4000 -1561.1105 318.9471 1.2000 -2376.7647 -568.5427 1.7750 -2339.7883 712.6813 2.7500 -2631.4471 -285.0269 3.6500 -3685.2440 -2384.6827 6.6667 -3806.3144 -2334.1220 6.0750 -2555.9144 -1613.5739 6.3250 -4379.9626 -3423.1405
33 0.0875 -144.1073 1606.1600 1.0000 -1866.7835 -274.0164 1.5000 -1549.1110 318.9471 1.1364 -2459.1740 -568.5427 1.9200 -1886.2018 712.6813 2.8250 -2678.8386 -285.0269 4.0000 -3488.0514 -2545.3648 5.7750 -3877.8657 -2334.1220 6.2000 -2553.3240 -1166.7877 6.5500 -4400.4101 -3423.1405
34 0.1127 -116.8915 1871.9832 1.0000 -2348.7885 -274.0164 1.7000 -1606.9131 34.5890 1.3810 -1984.5081 318.9471 1.4516 -2043.0926 712.6813 2.9500 -2751.0839 -285.0269 3.6296 -3455.9758 -2545.3648 5.0882 -3778.5504 -2410.4697 7.0769 -2965.6173 -1166.7877 6.4000 -4055.5962 -1897.6347
35 0.0658 -61.1450 2529.2404 0.8571 -1034.6889 -213.0615 1.3750 -2213.3577 -274.0164 1.7059 -1829.8819 318.9471 1.3939 -1949.4272 712.6813 2.5000 -2408.3101 90.9266 3.5250 -3528.3544 -1944.6955 4.8974 -3758.5913 -2410.4697 7.3250 -3128.5923 -1166.7877 6.7500 -4170.9625 -2749.4149
36 0.0400 -111.6814 1807.5118 1.1111 -1043.1984 209.6200 1.2308 -2178.3192 -274.0164 1.7000 -1803.1846 318.9471 1.2857 -2003.0023 712.6813 2.5000 -2404.6577 90.9266 3.3415 -3608.0724 -1403.0591 4.4000 -3696.7552 -2410.4697 7.4595 -3421.0420 -1166.7877 7.0000 -4263.9046 -2749.4149
37 0.0658 -146.6051 2241.2497 1.2727 -965.1438 209.6200 1.2667 -2217.0738 -274.0164 1.6562 -1883.1295 34.5890 1.4500 -2087.1252 712.6813 2.4848 -2284.1547 90.9266 3.4146 -3659.8988 -1616.6304 3.7105 -3860.0111 -2479.8875 7.6500 -3362.3248 -1166.7877 7.2750 -4453.8660 -2749.4149
38 0.0519 -40.3823 2241.2497 1.1000 -1197.4397 209.6200 1.1765 -1663.2185 -213.0615 1.9688 -1822.7974 34.5890 1.6250 -2222.0210 712.6813 2.3500 -2357.5778 90.9266 3.5714 -3687.3481 -1616.6304 3.5750 -3935.8596 -2479.8875 7.8750 -3582.1382 -1166.7877 7.6000 -4561.5789 -2749.4149
39 0.1053 -74.8682 1789.2259 0.4444 -1518.9495 -309.1604 1.4211 -1411.3667 209.6200 1.8333 -1866.3448 34.5890 1.8000 -2508.8666 -455.1067 2.4359 -2506.5576 90.9266 3.4737 -3560.9305 -1616.6304 4.0882 -3887.2760 -2479.8875 7.8250 -3719.1093 -1166.7877 7.8750 -4647.4262 -2749.4149
40 0.0526 -41.9908 1789.2259 0.7143 -1613.6527 -309.1604 1.1500 -1278.4367 209.6200 1.8125 -1924.2870 34.5890 2.0250 -2597.0768 -455.1067 2.5897 -2623.9356 90.9266 3.5250 -3591.0963 -1764.2595 4.0811 -3844.6527 -2264.1041 8.1250 -3943.0350 -1613.5739 8.2000 -4744.9034 -3423.1405
41 0.0519 -132.6118 1823.5819 1.5000 -1185.6606 16.0917 1.1364 -1257.1926 209.6200 1.5429 -1938.4373 34.5890 2.0556 -2641.0902 -455.1067 2.6667 -2620.5326 -285.0269 3.4500 -3730.3471 -1764.2595 4.2250 -3838.9341 -2264.1041 8.4750 -4149.2913 -1885.1170 8.3250 -4740.9505 -3423.1405
42 0.0625 46.1707 2070.1541 1.0000 -1171.2794 16.0917 1.3500 -1166.9942 209.6200 1.5000 -1841.1859 34.5890 2.2000 -2553.9842 -455.1067 2.7500 -2657.1177 -285.0269 3.5000 -3463.8333 -1764.2595 4.1750 -3860.2625 -2264.1041 8.6250 -4151.1743 -1885.1170 8.6250 -4713.2951 -3291.6966
43 0.0649 -101.2660 2070.1541 0.2500 -1167.0913 707.0872 1.5263 -1066.8425 209.6200 1.6471 -1908.6822 34.5890 1.6875 -2130.2493 -455.1067 2.9250 -2726.4351 -285.0269 3.5417 -3441.4183 -1764.2595 4.1750 -3855.2329 -2264.1041 8.8750 -4082.0100 -1885.1170 8.8750 -4819.3812 -3423.1405
44 0.0667 -344.9053 1802.0925 0.5000 -1447.3622 707.0872 0.9286 -1287.9010 209.6200 1.6250 -1889.5788 -213.0615 1.9000 -1966.1475 34.5890 2.7500 -2359.3989 -285.0269 3.5500 -3478.8010 -1764.2595 4.3929 -3709.9711 -2264.1041 9.2250 -4161.9652 -1885.1170 9.0750 -4795.7405 -3423.1405
45 0.0649 -346.9348 1802.0925 0.5714 -1485.9979 707.0872 1.0714 -1510.7045 16.0917 1.6757 -2013.6767 209.6200 2.2000 -1996.5513 34.5890 2.6071 -2421.1402 -285.0269 3.4722 -3503.3908 -2088.2601 4.3939 -3851.9306 -2264.1041 9.4500 -4241.4504 -1885.1170 9.2250 -4873.3755 -3423.1405
46 0.0625 -276.2984 2104.6513 1.0000 -1847.3500 -1502.4303 0.6667 -1437.7465 707.0872 1.7027 -1709.7997 209.6200 2.2250 -2028.1813 34.5890 2.5758 -2497.5894 -285.0269 3.7143 -3315.6737 -1838.0208 4.3333 -3928.6466 -2264.1041 9.7500 -4285.0199 -2781.0920 9.4000 -4864.5079 -3423.1405
47 0.0533 -306.4260 2235.9437 0.6667 -2406.3579 -1291.3474 1.0000 -1443.7945 707.0872 1.5263 -1517.6898 209.6200 2.2000 -2249.0564 -409.6756 2.7368 -2574.1682 -285.0269 3.7250 -3293.1398 -1838.0208 4.4250 -4004.9832 -2264.1041 9.9250 -4260.1050 -2781.0920 9.8000 -4831.4160 -3121.0802
48 0.0143 -105.0264 2104.6513 0.5385 -2727.3281 -1291.3474 0.9167 -1726.5475 707.0872 1.4324 -1639.4291 209.6200 2.1750 -2562.8446 -409.6756 2.7429 -2665.9216 -285.0269 3.7317 -3273.7580 -1646.4368 4.8718 -4058.6676 -2264.1041 10.1250 -4284.4495 -2781.0920 9.8250 -4861.8094 -3423.1405
49 0.0375 -132.8564 2344.5504 1.0000 -2506.3682 -1291.3474 0.5882 -2276.1981 707.0872 1.4750 -1692.2523 209.6200 2.1379 -2030.9537 -409.6756 2.9750 -2680.0680 -285.0269 3.8824 -3285.7447 -1646.4368 5.0750 -4055.0035 -2264.1041 10.4615 -4156.5309 -2781.0920 10.0000 -4914.0780 -3423.1405
50 0.0750 -295.1666 1652.4663 1.0000 -1879.5031 -1879.5031 0.6667 -2502.1056 707.0872 1.8947 -1367.6967 16.0917 1.9500 -2000.3469 -274.0164 3.0625 -2579.3093 -285.0269 3.4500 -3139.1793 -1646.4368 5.2250 -4021.4616 -2264.1041 10.1786 -4163.7327 -2781.0920 10.1750 -5010.5265 -3423.1405
51 0.0789 -204.5598 1740.9759 1.0000 -2526.4028 -2298.4333 0.7692 -2129.6254 707.0872 1.5000 -1913.9273 16.0917 1.8500 -2156.3400 -274.0164 3.1622 -2634.0637 -285.0269 3.4545 -3261.0242 -1646.4368 5.3333 -3973.8358 -2063.2153 10.1613 -4182.5312 -2781.0920 10.2750 -5004.0151 -3423.1405
52 0.0143 13.8182 2129.6007 0.8571 -2445.8772 -844.5799 1.0000 -2310.1661 -1291.3474 1.3103 -1805.2905 707.0872 1.8000 -2334.4032 -274.0164 3.2250 -2665.2972 -285.0269 3.3750 -3229.3275 -1646.4368 5.3750 -3998.0425 -2063.2153 9.9333 -4068.8432 -2593.5527 10.4750 -4979.0225 -3423.1405
53 0.0750 2.0710 2129.6007 1.3333 -1701.1252 -844.5799 0.8125 -2505.3306 -1291.3474 1.2963 -1957.2397 707.0872 2.0750 -2215.3267 -213.0615 3.4000 -2875.5540 -1561.9512 3.4286 -3110.0296 -285.0269 6.0000 -3976.2862 -2063.2153 9.1750 -3980.8396 -2264.1041 10.5000 -5048.8011 -3423.1405
54 0.0649 -188.5438 1478.1622 0.8000 -1905.6484 -1590.3646 0.8824 -2448.5390 -844.5799 1.3704 -1942.1926 707.0872 2.0968 -2050.4484 -213.0615 2.9000 -3135.6302 -1690.4708 3.6750 -2966.7054 -285.0269 5.9730 -3979.3369 -2063.2153 8.7241 -3978.7479 -2264.1041 10.6500 -5074.0455 -3423.1405
55 0.0921 -192.8093 1883.6250 0.2857 -1670.2752 -1590.3646 1.0625 -2322.8150 -844.5799 1.3226 -2210.8567 707.0872 2.0882 -2050.4948 -213.0615 2.6923 -3232.8830 -1324.8379 3.8500 -3150.8516 -285.0269 5.7586 -3903.1565 -2063.2153 8.1500 -4018.5312 -2264.1041 10.6500 -5102.4502 -3423.1405
56 0.0250 -245.4147 1883.6250 0.0000 -1665.8807 -1665.8807 0.7500 -1858.2776 -844.5799 1.2857 -2208.5336 707.0872 1.9000 -2047.7414 -213.0615 2.9000 -2952.4980 -1324.8379 3.6500 -3247.2094 -285.0269 5.5135 -3936.4446 -2063.2153 8.0000 -3974.9697 -1954.5678 10.8049 -5032.0402 -3054.6647
57 0.0435 12.8042 1883.6250 0.5455 -1960.9558 -832.9748 0.6667 -1840.4757 -844.5799 1.3030 -2255.5868 707.0872 1.7778 -2114.3122 -213.0615 3.0500 -2941.9710 -1191.4922 4.0500 -3367.4843 -285.0269 5.7632 -3975.2600 -2063.2153 8.0769 -3981.2231 -1954.5678 10.8000 -4997.6571 -3054.6647
58 0.1000 -145.4609 2593.3770 0.6667 -1696.5781 -832.9748 0.9231 -1918.9373 -844.5799 1.3056 -2112.7146 707.0872 1.7000 -2167.5697 -213.0615 2.9250 -3010.0323 -1191.4922 4.0588 -3289.3573 -1833.6711 6.2500 -4051.1449 -2063.2153 8.5897 -4174.5918 -2839.3736 10.9250 -4952.9426 -3054.6647
59 0.1447 -119.9098 1840.8351 1.1667 -1534.9270 -230.2268 0.8889 -1944.2321 -844.5799 1.2647 -2300.5631 707.0872 1.7073 -2214.4253 16.0917 3.0270 -3080.4388 -1191.4922 4.0270 -3306.2436 -1838.0208 6.3243 -4004.7560 -1833.6711 9.1000 -4230.3392 -2839.3736 10.8500 -5032.6821 -3054.6647
60 0.0411 142.3072 1967.3979 1.5000 -1938.8363 -230.2268 0.9444 -1969.7109 -832.9748 1.3571 -2151.8026 707.0872 1.9750 -2384.4296 16.0917 2.9487 -3002.2156 -1191.4922 4.0750 -3249.3881 -1838.0208 6.3243 -3977.5494 -1833.6711 9.3250 -4325.2933 -2839.3736 10.8250 -5064.3686 -3423.1405
61 0.0526 -78.7481 1952.4219 0.8333 -1597.0187 -230.2268 1.1000 -1987.7866 -832.9748 1.3103 -2190.7703 -844.5799 1.8333 -2256.7450 707.0872 3.0250 -3026.2630 -1191.4922 4.0750 -3334.2600 -2097.2812 6.3333 -3907.4932 -1833.6711 9.2750 -4518.1151 -3179.6005 10.8250 -5158.7941 -3631.8227
62 0.1013 -112.4387 2220.2924 0.6667 -1757.4379 -303.0615 1.3571 -1842.1696 -230.2268 1.2353 -2094.9213 -844.5799 1.8500 -2323.1005 707.0872 3.1562 -2944.6546 -1693.3921 4.0750 -3437.1427 -2097.2812 6.4750 -3897.8035 -1833.6711 9.4250 -4533.3674 -3040.5244 11.0000 -5140.6716 -3631.8227
63 0.0641 -92.8621 2024.0574 1.0000 -1491.9259 -303.0615 1.0000 -1757.3828 -230.2268 1.4250 -2076.6217 -844.5799 1.8462 -2152.0556 707.0872 2.9744 -3024.7290 -572.0204 4.5000 -3119.3501 -2097.2812 6.7500 -3982.0349 -1833.6711 9.4750 -4598.2424 -3040.5244 11.1000 -5162.0459 -4386.7737
64 0.1026 -151.9831 2156.6945 0.0000 -1948.0341 -1948.0341 0.9231 -1616.0399 -230.2268 1.5000 -2016.7388 -844.5799 1.7692 -2324.1358 707.0872 2.7750 -3108.6898 -572.0204 4.5417 -3085.7143 -1481.4733 6.9429 -3876.4284 -1833.6711 9.6500 -4647.9191 -3040.5244 11.2250 -5185.7688 -4386.7737
65 0.1039 44.8114 2308.8760 0.6000 -2015.2874 -1948.0341 1.0000 -1489.5416 -230.2268 1.5625 -2033.3439 -844.5799 1.6216 -2230.4375 707.0872 2.9394 -2956.8358 -1713.1656 3.7750 -3415.4357 -1481.4733 6.6364 -3864.6562 -1833.6711 9.7750 -4616.2157 -3040.5244 11.3750 -5160.5101 -4208.1055
66 0.0278 -84.8229 1622.7210 0.6667 -1646.6684 650.0473 1.0000 -1556.8436 -230.2268 1.3846 -1920.2804 -832.9748 1.6750 -2228.6794 707.0872 2.9211 -2927.1114 -891.3011 3.5263 -3432.0726 -1481.4733 5.9667 -3755.5524 -1833.6711 10.0938 -4385.7180 -3139.3903 11.4500 -5175.0573 -4208.1055
67 0.0625 -136.3182 1754.6834 1.0000 -977.3137 650.0473 0.8750 -1615.7008 -101.8756 1.3200 -1832.6230 -832.9748 1.6000 -2316.6815 707.0872 3.0286 -2996.0602 -891.3011 4.4231 -3028.1522 -1481.4733 4.6000 -3769.5487 -1833.6711 9.9000 -4287.8623 -3139.3903 11.5000 -5169.9040 -3987.2910
68 0.0750 -231.2036 2089.9901 1.0000 -620.0516 650.0473 0.8824 -1766.4863 -101.8756 1.4074 -1834.6220 -230.2268 1.9355 -2319.5424 707.0872 2.9250 -2866.8477 -282.9732 4.3077 -3010.3540 -1481.4733 4.6750 -3794.5266 -1833.6711 9.9250 -4304.0170 -3139.3903 11.4250 -5249.3997 -4208.1055
69 0.0779 -140.7046 1777.1071 0.0000 -3681.1267 -3681.1267 1.1000 -1460.5881 650.0473 1.0645 -1809.4773 -101.8756 1.9706 -1927.4043 707.0872 3.0500 -2966.3892 -891.3011 4.1034 -3195.4271 -1993.7811 4.7000 -3646.2183 -1481.4733 9.8286 -4213.9812 -3139.3903 11.5500 -5204.4176 -3634.3591
70 0.0441 38.0694 1777.1071 0.5833 -1561.4284 589.8627 0.7500 -2164.1020 650.0473 1.1562 -1683.4587 -101.8756 1.9000 -1996.8283 707.0872 3.3000 -3100.4684 -891.3011 4.1724 -3223.6137 -1993.7811 4.6111 -3699.7873 -1481.4733 9.2250 -4185.7912 -3139.3903 11.8750 -5238.8586 -3134.6566
71 0.0380 48.0562 2059.3787 1.0000 -676.9589 589.8627 0.6250 -2107.8359 650.0473 1.1875 -1682.0360 -101.8756 2.0500 -2180.6202 -844.5799 3.3103 -2889.2887 -891.3011 4.5250 -3361.4631 -1993.7811 4.4286 -3713.7615 -1481.4733 9.5610 -4251.4907 -2864.2472 12.2000 -5276.4959 -3134.6566
72 0.0625 -137.3032 2400.7084 1.0000 -591.6062 589.8627 1.1111 -1327.6879 650.0473 1.0000 -1883.2285 -101.8756 2.0250 -2262.0622 -844.5799 2.9375 -2742.1182 -891.3011 4.7805 -3366.4434 -2044.6266 4.5714 -3675.4113 -1481.4733 9.1026 -4315.7919 -2864.2472 12.5250 -5350.4110 -4208.1055
73 0.0274 -43.4326 1458.1230 0.4286 -2195.5037 -1978.1512 1.0769 -1101.2012 650.0473 1.2308 -1838.3920 -101.8756 2.1463 -2368.4297 -576.3484 2.8621 -2657.6677 -891.3011 5.2683 -3412.5530 -1959.3671 4.7297 -3678.2141 -1481.4733 9.5500 -4452.7897 -3368.3643 12.6750 -5386.7205 -4592.9642
74 0.0519 -119.6021 2134.4958 0.5000 -1997.3069 -1625.7016 0.7857 -1166.2057 650.0473 1.3462 -1869.5055 -101.8756 1.9118 -2266.5027 -576.3484 2.8889 -2836.5297 -891.3011 5.2750 -3392.1443 -1536.7820 4.8500 -3684.7006 -1481.4733 9.1724 -4403.9157 -3455.2558 12.8000 -5384.6947 -4196.7107
75 0.0290 66.3712 2134.4958 0.8000 -1856.4259 270.3939 1.0000 -1137.4158 589.8627 1.2800 -1557.2927 650.0473 1.6250 -1986.9206 -576.3484 3.0750 -2837.1129 -891.3011 5.6500 -3494.6307 -1536.7820 5.9062 -3642.3209 -1481.4733 7.9677 -4218.4513 -3455.2558 13.0000 -5451.7421 -4196.7107
76 0.0506 -184.9714 2165.4922 0.8571 -1088.5128 270.3939 0.9444 -1750.0628 589.8627 1.3214 -1587.0913 650.0473 1.6000 -2037.5456 -576.3484 3.2750 -3104.0329 -891.3011 6.1500 -3518.6710 -1536.7820 5.7143 -3521.9293 -1481.4733 8.0000 -4189.5713 -3455.2558 13.1500 -5471.9870 -4196.7107
77 0.0526 -208.7583 2165.4922 0.7500 -1211.1484 270.3939 0.9444 -1603.9959 589.8627 1.4138 -1699.6725 650.0473 1.5854 -1974.4812 -230.2268 3.5128 -3098.1609 -891.3011 6.7500 -3563.3742 -1475.6965 5.5769 -3480.9298 -1481.4733 8.6098 -4202.5177 -3268.4968 13.3250 -5491.1534 -4196.7107
78 0.0260 -98.0412 2750.8771 1.0000 -1493.7092 -893.1021 0.9412 -1495.6423 589.8627 1.3571 -1645.4345 650.0473 1.5610 -2076.9679 -101.8756 3.6071 -3004.7799 -891.3011 6.1500 -3529.5812 -1475.6965 6.0857 -3637.6738 -1481.4733 8.7750 -4330.5438 -3268.4968 13.3810 -5388.4183 -4000.7889
79 0.0506 -288.4078 1752.4349 1.2500 -1526.1562 -1126.0341 0.8462 -1470.0542 270.3939 1.2941 -1636.0236 650.0473 1.4857 -1953.5166 -101.8756 3.1579 -2977.8461 -891.3011 6.0256 -3550.3549 -1475.6965 6.4750 -3630.8790 -1481.4733 9.3500 -4304.4553 -2893.9405 13.4000 -5457.4798 -4000.7889
80 0.0513 -172.1381 1752.4349 0.4000 -2409.6238 -1470.8132 1.0000 -1470.2702 270.3939 1.2593 -1576.5926 650.0473 1.4000 -1921.9903 -101.8756 3.2000 -2900.1623 -891.3011 5.9714 -3711.2567 -1536.7820 7.0500 -3704.5571 -1481.4733 9.5750 -4316.8056 -2893.9405 13.4500 -5440.6511 -3762.3922
81 0.1250 -283.2368 1752.4349 0.0000 -2902.6811 -1638.5153 1.0000 -1493.7722 270.3939 1.2414 -1566.8216 650.0473 1.7143 -1975.4620 -726.9765 2.6389 -2967.1703 -891.3011 5.5250 -3649.7948 -1536.7820 7.0811 -3776.8261 -1481.4733 9.5250 -4237.8192 -2690.4420 13.6750 -5430.3925 -3762.3922
82 0.1351 -141.7231 2290.1378 0.6667 -2880.0337 -2018.7034 0.8571 -1615.0755 270.3939 1.2424 -1578.6390 650.0473 1.6053 -1899.7898 -726.9765 2.5000 -2946.9914 -891.3011 5.5750 -3685.6949 -1536.7820 7.2750 -3752.0518 -1481.4733 9.6000 -4219.6656 -2690.4420 13.7500 -5483.6288 -3762.3922
83 0.0986 36.8200 2728.7079 1.1000 -2603.1991 -2018.7034 0.7500 -2088.7159 270.3939 1.3103 -1480.9657 650.0473 1.6250 -2086.9648 -796.0761 2.4500 -3021.2794 -891.3011 5.3235 -3601.0250 -2241.3225 7.6000 -3949.9620 -2698.6283 9.5333 -4263.7016 -2893.9405 13.7561 -5387.3458 -3401.8464
84 0.0135 -137.8105 2728.7079 1.4286 -1730.1769 -742.8701 1.0000 -2484.0956 -893.1021 1.2857 -1491.5445 589.8627 1.5556 -1975.4739 650.0473 2.7647 -2677.0305 -1291.3474 5.0250 -3577.4212 -2241.3225 8.1000 -4010.2623 -2698.6283 9.5667 -4324.1083 -2893.9405 14.0000 -5372.4328 -3401.8464
85 0.0500 -231.5189 2039.5364 1.2000 -1725.1517 -742.8701 1.4706 -2208.7357 -1126.0341 1.0526 -1863.8923 589.8627 1.5676 -1800.2496 650.0473 2.6750 -2699.1924 -1291.3474 5.2667 -3531.0664 -2241.3225 8.0732 -4052.8874 -2254.0134 9.7576 -4330.6285 -2893.9405 14.1000 -5424.6894 -3762.3922
86 0.0667 -60.6580 1800.0844 0.3333 -1586.5957 -742.8701 1.3333 -2085.5290 -1052.4768 1.1000 -2313.2452 589.8627 1.5263 -1747.6285 650.0473 2.9024 -2791.8964 -1018.8518 5.0345 -3438.2274 -2241.3225 8.1750 -4049.4081 -2254.0134 9.8889 -4361.6319 -2893.9405 14.2500 -5376.6647 -3762.3922
87 0.0658 0.1204 2283.3284 0.1667 -1735.0550 -774.5467 1.1538 -1901.0571 -742.8701 1.3793 -2239.4651 270.3939 1.6000 -1725.7823 650.0473 2.9750 -2929.5735 -1018.8518 4.6667 -3357.6350 -2241.3225 8.1750 -4127.1831 -2254.0134 10.0256 -4393.0762 -2893.9405 14.4750 -5381.1721 -3762.3922
88 0.0135 -28.4056 2465.0579 1.0000 -1827.8523 -774.5467 0.8000 -1958.9301 -742.8701 1.4074 -2132.7899 270.3939 1.7500 -1833.9301 650.0473 2.6774 -2899.2648 -1018.8518 4.7250 -3355.0664 -1610.3601 8.2250 -4108.9733 -2254.0134 10.1500 -4559.4811 -3021.2028 14.7500 -5402.3083 -3762.3922
89 0.1000 -178.2428 2134.0743 2.0000 -1659.3667 -1659.3667 1.0833 -1820.2847 -742.8701 1.2500 -2208.4462 270.3939 1.7812 -1783.9802 650.0473 2.8250 -2867.0693 -1018.8518 4.7568 -3471.0361 -2241.3225 8.2750 -4171.9211 -2254.0134 10.5000 -4679.6918 -3008.7520 15.0000 -5385.0682 -3762.3922
90 0.0909 -217.4163 1925.9612 0.3333 -1179.4922 -102.9198 1.1538 -1774.2292 -742.8701 1.4242 -2311.7387 270.3939 1.8750 -2123.5765 650.0473 2.8824 -2775.1004 -832.9748 4.7750 -3453.6962 -2241.3225 8.3611 -4253.4578 -2254.0134 10.6250 -4834.2260 -3008.7520 15.2250 -5448.1330 -3762.3922
91 0.0633 -231.6667 2444.4544 1.0000 -842.1903 -102.9198 0.9000 -1674.6608 -742.8701 1.3030 -1952.0435 270.3939 1.8500 -2616.7989 650.0473 2.9677 -2513.7366 -832.9748 4.1538 -3381.2951 -1794.5783 7.5938 -3886.9391 -2254.0134 10.8750 -4909.2544 -3008.7520 15.5000 -5481.1462 -3762.3922
92 0.0685 -51.0541 1790.9030 0.8889 -2088.4745 -102.9198 0.6667 -1393.4457 -742.8701 1.5161 -2017.8185 270.3939 2.0000 -2261.6668 650.0473 2.3684 -3067.7770 -832.9748 4.1250 -3293.5709 -1794.5783 7.1111 -3787.2766 -2254.0134 11.1250 -5032.2210 -3008.7520 15.8500 -5459.3450 -3762.3922
93 0.0946 -42.3389 1828.8560 1.0000 -2215.2619 -843.8285 0.7273 -1983.9215 -102.9198 1.5652 -2047.4868 -742.8701 2.0750 -2380.2462 650.0473 2.0500 -3277.3539 -832.9748 3.8857 -3231.2311 -1794.5783 7.2250 -3763.8951 -2254.0134 11.2500 -5057.9336 -3008.7520 16.2500 -5512.4325 -4618.9062
94 0.1429 -114.3509 2132.7104 1.0000 -2299.8160 -843.8285 1.0625 -2021.6824 -102.9198 1.5789 -2005.6191 -742.8701 2.1667 -2285.5327 -867.0036 2.4286 -2908.4015 -832.9748 3.6000 -3385.2875 -1794.5783 7.0750 -3812.5836 -2254.0134 11.3500 -5152.0470 -3008.7520 16.5500 -5533.9513 -4774.3236
95 0.0800 -65.1688 2132.7104 1.1667 -1927.3611 -641.8113 1.3846 -2071.6982 -102.9198 1.2222 -2025.0007 -742.8701 2.1176 -2166.1987 -893.1021 2.5250 -2887.3963 -832.9748 3.2368 -3526.5159 -1794.5783 7.5122 -3941.5026 -2363.4584 11.4474 -5301.7479 -3361.6475 16.3810 -5458.5034 -3008.7520
96 0.0897 -45.9181 2203.6544 0.8750 -1966.3017 -641.8113 1.2222 -1821.0843 -102.9198 1.4333 -2126.7621 -742.8701 2.2000 -2172.4604 -893.1021 2.6286 -3061.8670 -832.9748 2.9000 -3794.3623 -1794.5783 7.6176 -3841.1497 -2363.4584 11.5278 -5206.1758 -3361.6475 16.7250 -5458.1997 -3186.8023
97 0.0556 -10.1092 2621.5387 0.7273 -1429.4176 -241.9124 0.8462 -2049.9976 -102.9198 1.5926 -2131.0954 -742.8701 2.0769 -2214.7422 -893.1021 2.9500 -2946.8005 -832.9748 3.3600 -3312.1469 -1794.5783 7.2500 -3901.6310 -2363.4584 11.3913 -4851.7651 -3361.6475 16.8500 -5457.0649 -3186.8023
98 0.0506 -192.7115 2132.7104 1.0000 -912.4856 -241.9124 0.7059 -1753.4166 -102.9198 1.6786 -2229.2449 -742.8701 2.1000 -2337.5709 -893.1021 3.4750 -2870.2324 -832.9748 3.2069 -3467.2523 -1794.5783 7.0488 -3964.3888 -1831.3772 11.3600 -4875.8439 -3361.6475 17.1250 -5387.8503 -3186.8023
99 0.0132 140.4294 2606.8459 0.6250 -917.1871 32.1385 0.9286 -1865.6507 -641.8113 1.3846 -2071.7515 -102.9198 1.9722 -2265.1391 -893.1021 3.4000 -2859.4565 -832.9748 3.7000 -3508.0390 -1794.5783 6.7949 -3999.5561 -1831.3772 11.3704 -4831.3040 -3361.6475 17.1750 -5499.7384 -3714.5986
100 0.0400 68.0053 2606.8459 0.4286 -1625.3995 32.1385 0.8571 -1449.9571 -241.9124 1.0385 -1895.2858 -102.9198 2.1250 -2231.8506 -893.1021 3.4667 -2672.1074 -832.9748 3.9000 -3674.4231 -1794.5783 5.9706 -3981.8647 -2363.4584 11.0000 -4838.5631 -3361.6475 17.2250 -5566.3310 -4403.0708
